Colors:
  Gizmo:
    GridAxisXColor: [1, 0.200000003, 0.321999997, 1]
    GridAxisZColor: [0.157000005, 0.565999985, 1, 1]
    GridLineColor: [0.328999996, 0.328999996, 0.328999996, 0.501999974]
  Viewport:
    ClearColor: [0.100000001, 0.100000001, 0.100000001, 1]
  UI:
    WindowBackground: [0.100000001, 0.104999997, 0.109999999, 1]
    ChildBackground: [0.140000001, 0.140000001, 0.140000001, 1]
    FrameBackground: [0.200000003, 0.204999998, 0.209999993, 1]
    FrameBackgroundHovered: [0.300000012, 0.305000007, 0.310000002, 1]
    FrameBackgroundActive: [0.150000006, 0.1505, 0.150999993, 1]
    ButtonColor: [0.200000003, 0.204999998, 0.209999993, 1]
    ButtonHovered: [0.300000012, 0.305000007, 0.310000002, 1]
    ButtonActive: [0.150000006, 0.1505, 0.150999993, 1]
    HeaderColor: [0.200000003, 0.204999998, 0.209999993, 1]
    HeaderHovered: [0.300000012, 0.305000007, 0.310000002, 1]
    HeaderActive: [0.150000006, 0.1505, 0.150999993, 1]
    TitleBarBackground: [0.150000006, 0.1505, 0.150999993, 1]
    TabColor: [0.150000006, 0.1505, 0.150999993, 1]
    TabHovered: [0.379999995, 0.380499989, 0.381000012, 1]
    TabActive: [0.280000001, 0.280499995, 0.280999988, 1]
    TextColor: [1, 1, 1, 1]
    TextDisabledColor: [0.5, 0.5, 0.5, 1]
    SeparatorColor: [0, 0, 0, 1]
    ScrollbarBackground: [0.0199999996, 0.0199999996, 0.0199999996, 0.529999971]
    ScrollbarGrab: [0.310000002, 0.310000002, 0.310000002, 1]
    ScrollbarGrabHovered: [0.409999996, 0.409999996, 0.409999996, 1]
    ScrollbarGrabActive: [0.50999999, 0.50999999, 0.50999999, 1]